02 9 0 0 24 5016 5 64 358 0 1,05 S FO
02 9 0 0 24 5020 9 39 102 0 1,98 S VI
02 9 0 0 24 5020 19 35 102 0 3,41 S VI
02 9 0 0 24 5020 26 52 112 156 0,01 S FS
02 9 0 0 24 5020 28 43 104 7 0,11 S FS
02 9 0 0 24 5020 29 28 102 0 7,85 S VI
02 9 0 0 24 5020 31 28 102 0 0,13 S EP
02 9 0 0 24 5020 39 28 102 0 0,86 S VI
02 9 0 0 24 5020 49 40 102 0 3,45 S VI
02 9 0 0 24 5020 50 28 102 0 4,96 S VI
02 9 0 0 24 5020 51 33 102 0 4,53 S VI
02 9 0 0 24 5020 52 32 102 0 0,29 S VI
02 9 0 0 24 5020 55 34 102 0 3,83 S VI
02 9 0 0 24 5020 65 60 335 0 0,12 S TA
02 9 0 0 24 5020 66 34 102 0 0,21 S VI
02 9 0 0 24 5020 67 34 102 0 0,55 S VI
02 9 0 0 24 5020 68 35 102 0 1,03 S VI
02 9 0 0 24 5020 70 34 102 0 0,45 S VI
02 9 0 0 24 5020 71 35 102 0 0,84 S VI
02 9 0 0 24 5020 72 34 102 0 1,03 S VI
02 9 0 0 24 5020 73 34 102 0 1,41 S VI
02 9 0 0 24 5020 74 34 102 0 0,03 S VI
02 9 0 0 24 5020 80 34 102 0 0,04 S VI
02 9 0 0 24 5020 81 34 102 0 1,88 S VI
02 9 0 0 24 5020 87 28 102 0 3,04 S VI
02 9 0 0 24 5020 89 44 104 7 0,02 S FS
02 9 0 0 24 5020 97 34 102 0 1,54 S VI
02 9 0 0 24 5020 100 40 102 0 1,25 S VI
02 9 0 0 24 5020 101 54 335 0 0,04 S TA
02 9 0 0 24 5020 102 34 102 0 0,22 S VI
02 9 0 0 24 5020 109 59 335 0 0,06 S TA
02 9 0 0 24 5020 110 35 102 0 0,15 S VI
02 9 0 0 24 5020 113 35 102 0 2,47 S VI
02 9 0 0 24 5020 114 34 102 0 3,80 S VI
02 9 0 0 24 5020 124 34 102 0 0,01 S VI
02 9 0 0 24 5020 125 53 113 0 0,08 S FY
02 9 0 0 24 5020 126 34 102 0 0,54 S VI
02 9 0 0 24 5020 127 34 102 0 2,04 S VI
02 9 0 0 24 5020 128 56 335 0 0,17 S TA
02 9 0 0 24 5020 130 61 335 0 0,17 S TA
02 9 0 0 24 5021 1 86 358 0 2,12 S FO
02 9 0 0 24 5021 4 34 102 0 0,07 S VI
02 9 0 0 24 5021 5 34 102 0 0,05 S VI
02 9 0 0 24 5023 24 41 102 0 0,13 S VI
02 9 0 0 24 5023 36 28 102 0 0,02 S VI
02 9 0 0 24 5023 85 47 104 14 0,04 S FS
02 9 0 0 24 5368 7 64 358 0 1,12 S FO
02 9 0 0 25 5008 2 45 104 7 0,04 S FS
02 9 0 0 25 5014 2 26 101 134 0,19 S OV
02 9 0 0 25 5014 2 26 101 134 3,74 S OV
02 9 0 0 25 5014 11 88 358 0 0,03 S FO
02 9 0 0 25 5014 12 73 358 0 0,02 S FO
02 9 0 0 25 5015 1 17 101 10 0,70 S OV
02 9 0 0 25 5019 3 18 101 10 1,17 S OV
02 9 0 0 25 5021 1 24 101 10 0,29 S OV
02 9 0 0 25 5022 2 6 101 10 0,03 S FY
02 9 0 0 25 5023 2 4 101 10 0,01 S OV
02 9 0 0 25 5025 8 10 101 10 0,80 S OV
02 9 0 0 25 5025 9 6 101 10 0,29 S OV
02 9 0 0 25 5025 9 6 101 10 15,50 S OV
02 9 0 0 25 5025 13 68 358 0 0,33 S FO
02 9 0 0 25 5025 19 4 101 10 0,49 S OV
02 9 0 0 25 5025 22 4 101 10 0,05 S OV
02 9 0 0 25 5025 28 10 101 10 0,03 S OV
02 9 0 0 25 5025 29 6 101 10 0,01 S OV
02 9 0 0 25 5026 15 4 101 10 0,01 S OV
02 9 0 0 25 5026 16 4 101 10 0,03 S OV
02 9 0 0 25 5026 17 4 101 10 0,01 S OV
02 9 0 0 25 5026 18 10 101 10 0,02 S OV
02 9 0 0 25 5026 19 10 101 10 0,02 S OV
02 9 0 0 25 5026 20 6 101 10 0,02 S OV
02 9 0 0 25 5026 21 4 101 10 0,01 S OV
02 9 0 0 25 5026 22 6 101 10 0,01 S OV
02 9 0 0 25 5026 23 6 101 10 0,01 S OV
02 9 0 0 25 5026 24 6 101 10 0,01 S OV
02 9 0 0 25 5026 25 18 101 10 0,01 S OV
02 9 0 0 25 5026 26 18 101 10 0,01 S OV
02 9 0 0 25 5028 1 14 101 10 0,08 S OV
02 9 0 0 25 5028 4 76 358 0 0,09 S FO
02 9 0 0 25 5031 1 8 101 10 0,07 S OV
02 9 0 0 25 5031 2 82 358 0 0,02 S FO
02 9 0 0 25 5044 4 48 104 19 0,04 S FS
02 9 0 0 25 5044 4 48 104 19 0,30 S FS
02 9 0 0 25 5045 1 51 104 19 0,03 S FS
02 9 0 0 25 5045 3 75 358 0 0,01 S FO
02 9 0 0 25 5046 1 50 104 19 0,21 S FS
02 9 0 0 25 5047 1 49 104 19 0,25 S FS
02 9 0 0 25 5047 1 49 104 19 0,06 S FS
02 9 0 0 25 5092 2 23 101 10 0,89 S OV
02 9 0 0 25 5092 3 65 358 0 0,08 S FO
02 9 0 0 25 5092 4 81 358 0 0,04 S FO
02 9 0 0 25 5092 5 62 358 0 0,03 S FO
02 9 0 0 25 5092 6 23 101 10 0,01 S OV
02 9 0 0 25 5116 5 12 101 10 0,19 S OV
02 9 0 0 25 5117 6 22 101 10 2,56 S OV
02 9 0 0 25 5117 31 85 358 0 0,09 S FO
02 9 0 0 25 5117 32 25 101 10 2,10 S OV
02 9 0 0 25 5117 33 70 358 0 0,09 S FO
02 9 0 0 25 5117 34 84 358 0 0,01 S FO
02 9 0 0 25 5117 35 69 358 0 0,03 S FO
02 9 0 0 25 5117 36 80 358 0 0,02 S FO
02 9 0 0 25 5118 1 22 101 10 0,04 S OV
02 9 0 0 25 5118 13 21 101 10 0,11 S OV
02 9 0 0 25 5118 14 5 101 10 0,01 S OV
02 9 0 0 25 5118 15 5 101 10 0,04 S OV
02 9 0 0 25 5118 18 9 101 10 0,01 S OV
02 9 0 0 25 5118 19 19 101 10 0,03 S OV
02 9 0 0 25 5119 1 19 101 10 0,27 S OV
02 9 0 0 25 5121 2 9 101 10 0,88 S OV
02 9 0 0 25 5123 2 5 101 10 0,25 S OV
02 9 0 0 25 5123 2 5 101 10 0,05 S OV
02 9 0 0 25 5124 2 7 101 10 3,23 S OV
02 9 0 0 25 5124 2 7 101 10 0,04 S OV
02 9 0 0 25 5124 2 7 101 10 0,31 S OV
02 9 0 0 25 5124 10 74 358 0 0,04 S FO
02 9 0 0 25 5124 11 87 358 0 0,01 S FO
02 9 0 0 25 5124 12 71 358 0 0,03 S FO
02 9 0 0 25 5124 13 77 358 0 0,04 S FO
02 9 0 0 25 5124 14 79 358 0 0,05 S FO
02 9 0 0 25 5126 1 11 101 10 0,09 S OV
02 9 0 0 25 5161 1 31 102 0 1,29 S VI
02 9 0 0 25 5161 4 31 102 0 0,88 S VI
02 9 0 0 25 5161 5 31 102 0 0,31 S VI
02 9 0 0 25 5161 6 55 335 0 0,06 S TA
02 9 0 0 25 5161 7 31 102 0 0,64 S VI
02 9 0 0 25 5161 9 31 102 0 0,03 S VI
02 9 0 0 25 5162 4 34 102 0 0,05 S VI
02 9 0 0 25 5162 6 34 102 0 0,46 S VI
02 9 0 0 25 5162 7 34 102 0 0,36 S VI
02 9 0 0 25 5162 8 34 102 0 0,39 S VI
02 9 0 0 25 5162 9 34 102 0 3,38 S VI
02 9 0 0 25 5162 10 34 102 0 0,09 S VI
02 9 0 0 25 5162 11 34 102 0 0,76 S VI
02 9 0 0 25 5162 14 34 102 0 1,95 S VI
02 9 0 0 25 5162 15 34 102 0 0,63 S VI
02 9 0 0 25 5169 1 31 102 0 0,70 S VI
02 9 0 0 25 5169 2 31 102 0 1,12 S VI
02 9 0 0 25 5169 5 58 335 0 0,08 S TA
02 9 0 0 25 5169 6 31 102 0 0,36 S VI
02 9 0 0 25 5169 7 31 102 0 0,03 S VI
02 9 0 0 25 5169 8 31 102 0 0,04 S EP
02 9 0 0 25 5169 9 31 102 0 0,16 S VI
02 9 0 0 25 5170 1 31 102 0 1,18 S VI
02 9 0 0 25 5170 4 31 102 0 1,27 S VI
02 9 0 0 25 5170 5 31 102 0 0,35 S VI
02 9 0 0 25 5170 7 31 102 0 0,03 S VI
02 9 0 0 25 5170 8 31 102 0 0,70 S VI
02 9 0 0 25 5171 1 31 102 0 1,46 S VI
02 9 0 0 25 5171 5 31 102 0 0,87 S VI
02 9 0 0 25 5171 6 31 102 0 0,38 S VI
02 9 0 0 25 5171 7 57 335 0 0,04 S TA
02 9 0 0 25 5171 8 31 102 0 0,85 S VI
02 9 0 0 25 5171 9 31 102 0 0,06 S VI
02 9 0 0 522 5113 3 1 20 0 0,12 S TA
02 9 0 0 522 5117 1 15 101 10 0,04 S OV
02 9 0 0 522 5118 2 15 101 10 0,25 S OV
02 9 0 0 522 5122 7 20 101 10 1,94 S OV
02 9 0 0 522 5122 13 78 358 0 0,26 S FO
02 9 0 0 522 5122 15 2 20 0 0,13 S OV
02 9 0 0 522 5122 16 13 101 10 0,09 S OV
02 9 0 0 522 5122 20 3 20 0 0,10 S OV
02 9 0 0 522 5122 21 16 101 10 0,06 S OV
02 9 0 0 522 5122 23 67 358 0 0,05 S FO
02 9 0 0 522 5122 28 63 358 0 0,01 S FO
02 9 0 0 522 5122 30 83 358 0 0,01 S FO
02 9 0 0 522 5122 32 66 358 0 0,01 S FO
02 9 0 0 522 5131 14 20 101 10 0,20 S OV
02 9 0 0 522 5131 20 72 358 0 0,10 S FO
02 9 0 0 522 15124 2 46 104 7 0,08 S FS
46 130 0 0 17 3 1 37 102 0 0,33 S VI
46 130 0 0 17 3 2 37 102 0 0,80 S VI
46 130 0 0 17 3 3 38 102 0 0,36 S VI
46 130 0 0 17 7 1 27 102 0 1,82 R VI
46 130 0 0 17 7 5 37 102 0 0,30 S VI
46 130 0 0 17 8 1 42 102 0 0,11 S VI
46 130 0 0 17 8 18 36 102 0 0,01 S VI
46 130 0 0 17 10 1 29 102 0 1,01 S VI
46 130 0 0 17 10 3 30 102 0 0,27 S VI
46 130 0 0 17 10 9 29 102 0 0,06 S EP
46 130 0 0 17 60003 5 27 102 0 0,04 R VI
